X[mm]	Y[mm]	IBx[G.cm]	IBy[G.cm]	IBz[G.cm]
------------------------------------------------------------------------------------------------------------------------------------------------------------------
-10.	-10.	69.03901336	-81.56162584	1.026410065e-9
-9.	-10.	64.3470352	-91.51942934	-7.938626106e-10
-8.	-10.	58.65146338	-100.3988886	-9.812055591e-10
-7.	-10.	52.22450892	-108.1077257	-1.610067363e-9
-6.	-10.	45.2979193	-114.6391507	-1.675047308e-9
-5.	-10.	38.04647878	-120.0330627	-3.844092432e-10
-4.	-10.	30.592536	-124.346369	-2.787036446e-9
-3.	-10.	23.01762307	-127.6358342	3.682002778e-11
-2.	-10.	15.37406836	-129.9495834	9.56678043e-11
-1.	-10.	7.694601052	-131.323318	-1.627885906e-9
0.	-10.	-3.628843277e-9	-131.7787985	5.447865818e-10
1.	-10.	-7.694601068	-131.323318	1.553708364e-9
2.	-10.	-15.37406837	-129.9495834	1.296910736e-9
3.	-10.	-23.01762309	-127.6358342	2.103233178e-10
4.	-10.	-30.59253601	-124.3463691	-1.205162263e-9
5.	-10.	-38.04647879	-120.0330627	1.852041094e-9
6.	-10.	-45.29791928	-114.6391507	-9.74508308e-10
7.	-10.	-52.2245089	-108.1077258	2.016850417e-10
8.	-10.	-58.65146342	-100.3988886	-1.571774271e-9
9.	-10.	-64.34703523	-91.5194293	6.102974976e-10
10.	-10.	-69.03901335	-81.56162578	1.378340975e-9
-10.	-9.	59.19688858	-77.86882372	7.217007172e-10
-9.	-9.	55.38204832	-86.78085631	7.609614542e-10
-8.	-9.	50.70597645	-94.84439882	4.113942652e-10
-7.	-9.	45.35773342	-101.9562939	-8.522944471e-10
-6.	-9.	39.51125856	-108.0723236	-1.106954898e-10
-5.	-9.	33.31065216	-113.1884447	-1.173392917e-9
-4.	-9.	26.86716383	-117.3225043	-5.692793257e-10
-3.	-9.	20.26288924	-120.5007676	-9.272200545e-10
-2.	-9.	13.55695088	-122.7493966	-1.342768881e-9
-1.	-9.	6.791961534	-124.0895412	-5.853586148e-10
0.	-9.	-6.394642318e-9	-124.534714	5.880198284e-10
1.	-9.	-6.791961543	-124.0895412	2.066910628e-9
2.	-9.	-13.55695088	-122.7493966	6.113091235e-10
3.	-9.	-20.26288925	-120.5007676	6.414917684e-10
4.	-9.	-26.86716383	-117.3225042	3.421905059e-10
5.	-9.	-33.31065216	-113.1884446	-1.273252875e-9
6.	-9.	-39.51125852	-108.0723236	-1.676460437e-9
7.	-9.	-45.3577334	-101.9562939	-1.91719525e-10
8.	-9.	-50.70597644	-94.84439879	1.353765052e-10
9.	-9.	-55.3820483	-86.78085631	7.761477745e-10
10.	-9.	-59.19688856	-77.86882369	-4.848296764e-10
-10.	-8.	50.40050461	-74.86323122	-1.203754703e-9
-9.	-8.	47.28015534	-82.90268569	-5.149862842e-10
-8.	-8.	43.42973609	-90.25154046	-7.933977987e-11
-7.	-8.	38.98387207	-96.80728829	1.158679706e-9
-6.	-8.	34.07307573	-102.5088111	5.76402431e-10
-5.	-8.	28.81279037	-107.3270601	-7.082937991e-10
-4.	-8.	23.29874777	-111.2542314	7.11349086e-10
-3.	-8.	17.60708404	-114.2943513	-3.58779297e-11
-2.	-8.	11.79714496	-116.4562974	-4.571007629e-11
-1.	-8.	5.915452295	-117.7491442	-4.108378599e-10
0.	-8.	-3.59613662e-9	-118.1793266	-1.029453684e-9
1.	-8.	-5.915452299	-117.7491442	-1.09917983e-9
2.	-8.	-11.79714496	-116.4562975	1.627822107e-9
3.	-8.	-17.60708404	-114.2943513	-1.846269059e-10
4.	-8.	-23.29874778	-111.2542315	2.597394125e-10
5.	-8.	-28.81279039	-107.3270601	-1.597902358e-9
6.	-8.	-34.07307574	-102.5088112	-1.060266443e-10
7.	-8.	-38.98387207	-96.80728824	2.975041295e-10
8.	-8.	-43.42973612	-90.2515404	-3.763576947e-10
9.	-8.	-47.28015533	-82.90268568	5.305650053e-10
10.	-8.	-50.40050464	-74.86323125	7.780750544e-10
-10.	-7.	42.46164311	-72.40756577	4.00282428e-10
-9.	-7.	39.91033751	-79.72278338	-1.376600299e-10
-8.	-7.	36.74808266	-86.45876569	1.958909289e-10
-7.	-7.	33.07224289	-92.51779674	4.208827906e-10
-6.	-7.	28.98096262	-97.83197641	-6.913829447e-11
-5.	-7.	24.56534834	-102.3585636	-8.509825268e-11
-4.	-7.	19.90512557	-106.0736649	2.442802862e-10
-3.	-7.	15.06740989	-108.9660033	1.165109486e-10
-2.	-7.	10.10767251	-111.0317335	1.358871207e-10
-1.	-7.	5.071999055	-112.2706068	5.939738102e-10
0.	-7.	-3.285764573e-9	-112.6834245	2.631483068e-10
1.	-7.	-5.07199906	-112.2706068	4.927984184e-10
2.	-7.	-10.10767251	-111.0317334	-9.978899044e-10
3.	-7.	-15.0674099	-108.9660033	-1.456635401e-9
4.	-7.	-19.9051256	-106.0736649	-2.349706366e-10
5.	-7.	-24.56534833	-102.3585636	6.102032319e-12
6.	-7.	-28.98096263	-97.83197639	1.824092571e-10
7.	-7.	-33.07224294	-92.51779673	-7.517837122e-10
8.	-7.	-36.74808267	-86.45876565	-2.017991863e-10
9.	-7.	-39.91033752	-79.72278335	4.561427413e-10
10.	-7.	-42.46164314	-72.40756573	1.437449214e-9
-10.	-6.	35.22363286	-70.4071474	1.830094648e-10
-9.	-6.	33.15332089	-77.12730705	6.071429426e-10
-8.	-6.	30.58006347	-83.3479296	-3.202583064e-10
-7.	-6.	27.57477755	-88.97730557	9.237020829e-10
-6.	-6.	24.21119722	-93.94578071	2.57060606e-10
-5.	-6.	20.56035223	-98.20353494	-7.915345783e-10
-4.	-6.	16.68702087	-101.7169725	3.15521628e-10
-3.	-6.	12.64817623	-104.4647384	7.971600521e-10
-2.	-6.	8.493049956	-106.4340823	-2.98719924e-10
-1.	-6.	4.264321676	-107.6179467	-4.184058057e-10
0.	-6.	-2.993987766e-9	-108.0129046	3.427615722e-11
1.	-6.	-4.264321681	-107.6179467	-1.262057002e-9
2.	-6.	-8.493049961	-106.4340823	-4.536453608e-10
3.	-6.	-12.64817623	-104.4647384	7.978912503e-10
4.	-6.	-16.68702087	-101.7169725	8.908618711e-11
5.	-6.	-20.56035223	-98.20353488	5.833408272e-10
6.	-6.	-24.21119722	-93.9457807	6.46032212e-11
7.	-6.	-27.57477754	-88.9773056	-1.195562417e-10
8.	-6.	-30.58006345	-83.34792959	7.915947847e-10
9.	-6.	-33.15332091	-77.12730709	7.076001754e-10
10.	-6.	-35.22363285	-70.40714744	4.684641188e-10
-10.	-5.	28.55262586	-68.79579921	2.598353506e-10
-9.	-5.	26.90085637	-75.03501164	7.495356498e-10
-8.	-5.	24.84450156	-80.83199678	-4.789401517e-10
-7.	-5.	22.43509713	-86.10097126	4.645712827e-10
-6.	-5.	19.72759689	-90.77293043	-1.267728587e-10
-5.	-5.	16.7764959	-94.79476319	1.512804505e-10
-4.	-5.	13.63310811	-98.1272761	-7.558842335e-10
-3.	-5.	10.34411339	-100.7427316	8.800722652e-10
-2.	-5.	6.951240924	-102.6224035	4.280231953e-10
-1.	-5.	3.491830944	-103.754485	-3.110974574e-10
0.	-5.	-3.989165039e-9	-104.1325266	-3.620299945e-10
1.	-5.	-3.491830951	-103.754485	3.414379724e-11
2.	-5.	-6.951240934	-102.6224036	-6.185185249e-10
3.	-5.	-10.3441134	-100.7427316	1.838828831e-10
4.	-5.	-13.63310811	-98.12727615	-2.854593121e-10
5.	-5.	-16.77649591	-94.79476317	2.355406187e-10
6.	-5.	-19.72759688	-90.77293039	3.903782815e-10
7.	-5.	-22.43509716	-86.10097127	-6.095268898e-10
8.	-5.	-24.84450157	-80.83199677	-9.178628958e-11
9.	-5.	-26.90085638	-75.03501164	1.055007233e-9
10.	-5.	-28.55262587	-68.79579919	2.249100083e-10
-10.	-4.	22.33185494	-67.52705593	-8.681216893e-10
-9.	-4.	21.05431066	-73.38758226	-2.546992131e-10
-8.	-4.	19.4625373	-78.84682968	8.792478333e-11
-7.	-4.	17.59340196	-83.82424342	3.215164309e-10
-6.	-4.	15.4870301	-88.25245043	3.367732399e-10
-5.	-4.	13.18412171	-92.07713069	3.863917648e-10
-4.	-4.	10.72395246	-95.2560401	6.632376871e-10
-3.	-4.	8.143180142	-97.75755754	-5.826599244e-10
-2.	-4.	5.475422164	-99.55910265	6.706429615e-10
-1.	-4.	2.751474022	-100.6456911	-7.129552465e-10
0.	-4.	-2.89231482e-9	-101.0088066	4.929614136e-10
1.	-4.	-2.75147403	-100.645691	5.464121087e-11
2.	-4.	-5.475422169	-99.55910264	-2.521226606e-10
3.	-4.	-8.143180152	-97.75755759	4.058056015e-10
4.	-4.	-10.72395247	-95.25604009	-4.335795385e-10
5.	-4.	-13.18412173	-92.07713063	-5.493161251e-10
6.	-4.	-15.48703011	-88.2524504	-4.535497082e-10
7.	-4.	-17.59340195	-83.82424341	5.821190837e-11
8.	-4.	-19.4625373	-78.8468297	4.10221918e-10
9.	-4.	-21.05431066	-73.38758227	-4.072505969e-10
10.	-4.	-22.33185493	-67.52705589	1.352858659e-10
-10.	-3.	16.45742277	-66.56846586	2.608682097e-10
-9.	-3.	15.52304997	-72.14340697	-5.011290081e-10
-8.	-3.	14.35846622	-77.34563769	-6.661367938e-11
-7.	-3.	12.98901867	-82.09883316	7.402462856e-11
-6.	-3.	11.4427391	-86.33743437	-1.733624239e-12
-5.	-3.	9.748549972	-90.00695395	5.779809946e-10
-4.	-3.	7.934874992	-93.06360971	-3.339208595e-10
-3.	-3.	6.028749011	-95.47352415	2.33510976e-10
-2.	-3.	4.055429973	-97.21173567	2.065592413e-11
-1.	-3.	2.038449233	-98.26122774	3.67459448e-11
0.	-3.	-3.192548984e-9	-98.61213491	2.845468438e-10
1.	-3.	-2.038449237	-98.26122774	8.005510529e-11
2.	-3.	-4.055429976	-97.2117357	3.963911088e-10
3.	-3.	-6.028749013	-95.47352417	-4.23891745e-10
4.	-3.	-7.934874992	-93.06360973	-1.85875587e-10
5.	-3.	-9.748549981	-90.00695398	5.661290918e-11
6.	-3.	-11.44273912	-86.33743435	5.28461549e-10
7.	-3.	-12.98901867	-82.09883312	-3.673027792e-10
8.	-3.	-14.35846622	-77.34563769	1.608807917e-10
9.	-3.	-15.52304996	-72.14340691	1.354613e-11
10.	-3.	-16.45742277	-66.56846587	-6.155113142e-13
-10.	-2.	10.83497428	-65.89784399	1.74809455e-10
-9.	-2.	10.22278316	-71.27348101	-5.961245045e-11
-8.	-2.	9.459699807	-76.29521106	-1.333187546e-10
-7.	-2.	8.561603891	-80.88979278	8.785955032e-11
-6.	-2.	7.546260022	-84.99320727	-1.867763925e-10
-5.	-2.	6.432218155	-88.55120835	-3.243608642e-10
-4.	-2.	5.237939881	-91.51931685	-1.445037696e-10
-3.	-2.	3.981213614	-93.86242398	-1.073517371e-12
-2.	-2.	2.678870149	-95.55418313	1.023176413e-10
-1.	-2.	1.346769043	-96.57635697	8.112713434e-11
0.	-2.	-2.353144168e-9	-96.91825484	3.027720968e-10
1.	-2.	-1.346769048	-96.57635699	-1.534673912e-10
2.	-2.	-2.678870157	-95.55418311	-2.09990251e-10
3.	-2.	-3.981213618	-93.86242397	4.868361119e-11
4.	-2.	-5.23793989	-91.51931687	2.465234833e-10
5.	-2.	-6.432218161	-88.55120837	3.014009164e-10
6.	-2.	-7.546260021	-84.99320727	1.845659563e-10
7.	-2.	-8.5616039	-80.88979279	-1.244113308e-10
8.	-2.	-9.459699818	-76.29521108	1.365598773e-10
9.	-2.	-10.22278316	-71.27348104	1.488680276e-10
10.	-2.	-10.83497429	-65.89784394	-3.09879082e-10
-10.	-1.	5.37691848	-65.50082858	-1.078606175e-10
-9.	-1.	5.073925399	-70.75872724	-1.126519128e-10
-8.	-1.	4.696256676	-75.67340031	2.002556952e-11
-7.	-1.	4.251561289	-80.17347541	1.834075453e-10
-6.	-1.	3.748455762	-84.19594365	3.844426943e-11
-5.	-1.	3.196001887	-87.68683403	2.891478234e-12
-4.	-1.	2.603285444	-90.60139808	-9.807863784e-12
-3.	-1.	1.97912743	-92.9039317	-1.449641422e-10
-2.	-1.	1.331935541	-94.56737928	-1.886151089e-10
-1.	-1.	0.6696844261	-95.57286142	1.235518635e-10
0.	-1.	-2.650264118e-9	-95.90924737	-2.604709676e-11
1.	-1.	-0.6696844326	-95.57286141	-6.167023202e-11
2.	-1.	-1.331935545	-94.56737926	-1.612804068e-10
3.	-1.	-1.979127436	-92.90393168	7.413951471e-11
4.	-1.	-2.603285448	-90.60139806	2.342582656e-10
5.	-1.	-3.196001889	-87.686834	1.021093208e-10
6.	-1.	-3.748455766	-84.19594363	4.043056175e-11
7.	-1.	-4.25156129	-80.17347542	8.302695532e-11
8.	-1.	-4.696256686	-75.67340028	-1.090869654e-10
9.	-1.	-5.073925403	-70.75872722	1.259960963e-10
10.	-1.	-5.376918485	-65.50082855	6.047064359e-11
-10.	0.	1.975766846e-9	-65.36935646	8.92686918e-11
-9.	0.	3.438490764e-10	-70.58831345	-2.502963302e-11
-8.	0.	9.322354443e-10	-75.46750892	5.347056977e-11
-7.	0.	1.539245652e-9	-79.93619625	1.896743684e-10
-6.	0.	2.187502478e-9	-83.93171642	1.225482212e-10
-5.	0.	9.734577304e-10	-87.40021056	-1.299709364e-10
-4.	0.	1.914766456e-10	-90.29686416	1.757951351e-10
-3.	0.	-3.896256029e-10	-92.58579778	-3.0366113e-11
-2.	0.	-1.323403788e-9	-94.23973933	1.940542254e-10
-1.	0.	-1.874396166e-9	-95.23961024	-1.551919133e-10
0.	0.	-2.791826433e-9	-95.57414205	1.663386941e-11
1.	0.	-3.34503935e-9	-95.23961023	-1.38314955e-10
2.	0.	-4.072627732e-9	-94.23973932	-2.167160305e-11
3.	0.	-4.408207819e-9	-92.5857978	6.4782713e-11
4.	0.	-6.441355011e-9	-90.29686416	7.469229312e-11
5.	0.	-5.739410096e-9	-87.40021055	7.000212224e-11
6.	0.	-5.019282838e-9	-83.93171641	-1.667116562e-11
7.	0.	-6.448898672e-9	-79.93619626	7.931104757e-11
8.	0.	-5.155689371e-9	-75.46750889	5.02287579e-11
9.	0.	-5.96192864e-9	-70.58831341	-8.700590503e-12
10.	0.	-3.6462636e-9	-65.36935646	5.636856448e-11
-10.	1.	-5.376918477	-65.50082856	-1.422889406e-11
-9.	1.	-5.073925396	-70.75872724	8.506114925e-11
-8.	1.	-4.696256679	-75.67340027	1.713062623e-10
-7.	1.	-4.25156128	-80.1734754	-2.085372554e-10
-6.	1.	-3.748455761	-84.19594365	-2.84785518e-11
-5.	1.	-3.196001883	-87.68683407	1.712997218e-10
-4.	1.	-2.603285442	-90.6013981	-4.976778144e-11
-3.	1.	-1.979127432	-92.90393165	1.54510753e-10
-2.	1.	-1.331935542	-94.56737922	-1.237503185e-10
-1.	1.	-0.6696844299	-95.57286145	-2.202465659e-10
0.	1.	-2.803955422e-9	-95.90924737	8.093247387e-12
1.	1.	0.6696844253	-95.57286141	-4.440769421e-11
2.	1.	1.331935538	-94.56737922	-2.025067248e-10
3.	1.	1.979127425	-92.90393169	-5.455787918e-12
4.	1.	2.603285437	-90.60139809	2.702996135e-11
5.	1.	3.196001878	-87.68683401	-1.668126419e-10
6.	1.	3.748455758	-84.19594367	1.248989275e-10
7.	1.	4.251561276	-80.17347539	-2.313909831e-10
8.	1.	4.696256674	-75.67340031	6.409196014e-11
9.	1.	5.073925396	-70.75872725	4.345650958e-11
10.	1.	5.376918476	-65.5008286	2.804640444e-11
-10.	2.	-10.83497429	-65.89784398	-2.271635237e-10
-9.	2.	-10.22278316	-71.27348103	3.489149398e-10
-8.	2.	-9.459699803	-76.29521104	2.367484803e-10
-7.	2.	-8.561603893	-80.88979279	4.176311331e-12
-6.	2.	-7.546260016	-84.99320729	2.77288321e-10
-5.	2.	-6.432218152	-88.5512084	-1.665174437e-12
-4.	2.	-5.23793988	-91.51931687	2.770759457e-10
-3.	2.	-3.981213611	-93.862424	4.047912178e-11
-2.	2.	-2.678870155	-95.55418314	-3.174496633e-10
-1.	2.	-1.346769046	-96.57635701	1.819780428e-10
0.	2.	-3.097170177e-9	-96.91825484	-2.179988982e-10
1.	2.	1.346769042	-96.57635698	2.50681956e-10
2.	2.	2.678870146	-95.55418311	-2.150428286e-10
3.	2.	3.981213606	-93.86242398	2.990295677e-10
4.	2.	5.237939876	-91.51931688	1.454744243e-10
5.	2.	6.432218147	-88.55120839	2.465536236e-10
6.	2.	7.546260013	-84.99320729	5.592202711e-10
7.	2.	8.561603889	-80.88979275	2.07269542e-10
8.	2.	9.459699808	-76.29521108	1.232817019e-10
9.	2.	10.22278315	-71.27348102	-3.362647995e-10
10.	2.	10.83497429	-65.89784396	1.107244676e-11
-10.	3.	-16.45742276	-66.56846591	-5.176926816e-10
-9.	3.	-15.52304996	-72.14340694	2.896099456e-10
-8.	3.	-14.35846621	-77.34563769	2.561528186e-10
-7.	3.	-12.98901868	-82.09883314	4.477285939e-10
-6.	3.	-11.4427391	-86.33743433	3.530887802e-10
-5.	3.	-9.748549968	-90.00695396	-1.16500903e-10
-4.	3.	-7.934874985	-93.06360967	2.550324941e-10
-3.	3.	-6.028749002	-95.47352415	-3.176349005e-11
-2.	3.	-4.055429971	-97.21173567	-2.200217886e-10
-1.	3.	-2.038449235	-98.26122771	1.992132411e-10
0.	3.	-3.650537191e-9	-98.61213484	3.803364572e-10
1.	3.	2.03844923	-98.26122775	1.604603229e-10
2.	3.	4.055429972	-97.21173568	1.003845485e-11
3.	3.	6.028749	-95.47352421	1.033844568e-10
4.	3.	7.934874979	-93.06360972	-1.294707073e-10
5.	3.	9.748549964	-90.00695397	4.020905885e-10
6.	3.	11.4427391	-86.33743435	-1.724172041e-10
7.	3.	12.98901866	-82.09883313	4.896377986e-11
8.	3.	14.35846622	-77.34563773	3.369823898e-10
9.	3.	15.52304995	-72.14340692	3.481670651e-10
10.	3.	16.45742275	-66.56846588	1.973456277e-10
-10.	4.	-22.33185492	-67.52705594	-9.288694437e-11
-9.	4.	-21.05431065	-73.38758229	7.415590092e-12
-8.	4.	-19.46253729	-78.84682972	7.519506105e-12
-7.	4.	-17.59340194	-83.82424343	4.914535713e-10
-6.	4.	-15.4870301	-88.25245044	-4.475979188e-10
-5.	4.	-13.18412171	-92.07713064	-4.397625299e-10
-4.	4.	-10.72395245	-95.25604004	4.306343458e-10
-3.	4.	-8.143180139	-97.75755758	-2.664456354e-11
-2.	4.	-5.475422164	-99.55910264	-6.640550011e-11
-1.	4.	-2.751474024	-100.6456911	2.881416667e-10
0.	4.	-2.747694449e-9	-101.0088066	-2.572818097e-10
1.	4.	2.751474021	-100.6456911	3.611374263e-10
2.	4.	5.475422162	-99.5591026	2.597943437e-10
3.	4.	8.143180136	-97.75755759	4.192020905e-10
4.	4.	10.72395245	-95.25604007	-1.43408081e-10
5.	4.	13.18412171	-92.07713067	3.619471167e-10
6.	4.	15.4870301	-88.25245041	6.039774871e-10
7.	4.	17.59340193	-83.82424341	-4.098148172e-10
8.	4.	19.4625373	-78.84682974	-8.035128664e-11
9.	4.	21.05431064	-73.38758229	-5.093727513e-10
10.	4.	22.33185491	-67.52705597	7.810062341e-11
-10.	5.	-28.55262585	-68.79579922	3.386700599e-10
-9.	5.	-26.90085637	-75.03501164	4.308536609e-10
-8.	5.	-24.84450156	-80.8319968	-2.57727994e-10
-7.	5.	-22.43509713	-86.10097126	6.855441931e-10
-6.	5.	-19.72759687	-90.77293039	-3.759302825e-10
-5.	5.	-16.77649592	-94.79476317	-7.43574768e-10
-4.	5.	-13.6331081	-98.12727614	7.230721644e-10
-3.	5.	-10.3441134	-100.7427316	5.552018895e-10
-2.	5.	-6.951240924	-102.6224036	1.027294444e-9
-1.	5.	-3.491830946	-103.754485	-3.041883677e-10
0.	5.	-2.769730213e-9	-104.1325266	1.14393553e-9
1.	5.	3.491830942	-103.7544849	-1.355756638e-9
2.	5.	6.951240917	-102.6224036	7.49310519e-10
3.	5.	10.34411339	-100.7427316	8.037574685e-10
4.	5.	13.6331081	-98.12727611	2.331998596e-10
5.	5.	16.7764959	-94.79476316	2.926135958e-10
6.	5.	19.72759685	-90.7729304	-8.256329675e-10
7.	5.	22.43509714	-86.10097126	2.067650664e-10
8.	5.	24.84450157	-80.83199682	-2.674857248e-10
9.	5.	26.90085637	-75.0350116	9.559989452e-10
10.	5.	28.55262585	-68.79579926	5.149287814e-10
-10.	6.	-35.22363285	-70.40714741	-6.139684545e-10
-9.	6.	-33.15332088	-77.1273071	7.599751782e-10
-8.	6.	-30.58006344	-83.34792959	7.233331407e-10
-7.	6.	-27.57477753	-88.97730559	-2.252431211e-10
-6.	6.	-24.21119723	-93.94578072	4.218761778e-10
-5.	6.	-20.56035222	-98.20353488	1.111452878e-10
-4.	6.	-16.68702087	-101.7169724	-8.317669036e-10
-3.	6.	-12.64817621	-104.4647384	-1.319835959e-10
-2.	6.	-8.49304996	-106.4340823	-6.346322323e-10
-1.	6.	-4.264321682	-107.6179466	-1.203128898e-9
0.	6.	-3.245616607e-9	-108.0129046	4.460917838e-10
1.	6.	4.264321672	-107.6179467	6.816687257e-10
2.	6.	8.493049947	-106.4340822	-2.411146623e-11
3.	6.	12.64817622	-104.4647383	-1.030921932e-9
4.	6.	16.68702086	-101.7169725	-1.212613527e-9
5.	6.	20.56035222	-98.20353493	-3.922883437e-10
6.	6.	24.2111972	-93.94578074	-1.698352508e-10
7.	6.	27.57477754	-88.97730559	7.221632479e-10
8.	6.	30.58006342	-83.34792959	-1.669925784e-10
9.	6.	33.15332088	-77.12730708	1.049801977e-10
10.	6.	35.22363285	-70.40714744	5.601200804e-10
-10.	7.	-42.46164309	-72.40756576	1.977587808e-10
-9.	7.	-39.91033746	-79.72278343	1.175313432e-9
-8.	7.	-36.74808262	-86.45876565	4.171181271e-10
-7.	7.	-33.0722429	-92.51779678	-2.393663374e-10
-6.	7.	-28.98096261	-97.8319764	1.435171175e-9
-5.	7.	-24.56534832	-102.3585636	1.405630164e-10
-4.	7.	-19.90512556	-106.0736648	1.078686807e-9
-3.	7.	-15.0674099	-108.9660033	2.405353559e-10
-2.	7.	-10.10767251	-111.0317335	6.97943874e-10
-1.	7.	-5.071999057	-112.2706068	2.680027034e-10
0.	7.	-4.181345113e-9	-112.6834245	-3.664800556e-10
1.	7.	5.07199905	-112.2706068	-4.220595172e-10
2.	7.	10.1076725	-111.0317334	-8.032754296e-10
3.	7.	15.06740988	-108.9660032	6.414960298e-10
4.	7.	19.90512556	-106.0736649	-1.914105043e-12
5.	7.	24.56534833	-102.3585636	-6.353610633e-12
6.	7.	28.98096261	-97.8319764	-1.41032893e-9
7.	7.	33.0722429	-92.51779672	1.384339907e-9
8.	7.	36.74808262	-86.45876569	-1.658311786e-10
9.	7.	39.91033749	-79.72278342	-4.382099925e-10
10.	7.	42.46164311	-72.40756571	3.335612537e-10
-10.	8.	-50.40050463	-74.86323123	-8.599017639e-10
-9.	8.	-47.28015527	-82.90268565	4.718966958e-10
-8.	8.	-43.4297361	-90.25154042	2.061265688e-10
-7.	8.	-38.98387206	-96.80728826	1.108868362e-9
-6.	8.	-34.07307571	-102.5088112	-1.931584444e-9
-5.	8.	-28.81279035	-107.3270601	6.476614192e-10
-4.	8.	-23.29874775	-111.2542315	-8.062089166e-10
-3.	8.	-17.60708404	-114.2943513	1.765386987e-9
-2.	8.	-11.79714495	-116.4562974	4.107437996e-10
-1.	8.	-5.915452291	-117.7491442	-6.16156493e-10
0.	8.	-3.116010065e-9	-118.1793265	-1.670355892e-9
1.	8.	5.915452285	-117.7491442	-2.585343209e-10
2.	8.	11.79714495	-116.4562974	3.225778631e-11
3.	8.	17.60708403	-114.2943512	-1.252150677e-9
4.	8.	23.29874776	-111.2542315	7.622860102e-10
5.	8.	28.81279034	-107.3270601	-3.795500193e-10
6.	8.	34.07307569	-102.5088112	3.808009661e-10
7.	8.	38.98387206	-96.80728823	2.385106295e-10
8.	8.	43.42973608	-90.25154044	-8.020759377e-10
9.	8.	47.28015529	-82.90268566	9.78648034e-10
10.	8.	50.40050458	-74.8632312	2.772207428e-10
-10.	9.	-59.19688854	-77.86882374	1.650264031e-9
-9.	9.	-55.38204833	-86.78085634	-7.441229275e-10
-8.	9.	-50.70597642	-94.84439881	-4.628117461e-10
-7.	9.	-45.35773338	-101.9562939	2.737656537e-10
-6.	9.	-39.51125855	-108.0723236	-2.819778424e-10
-5.	9.	-33.31065211	-113.1884446	6.735801043e-10
-4.	9.	-26.86716383	-117.3225042	1.244777443e-9
-3.	9.	-20.26288924	-120.5007676	-1.640104095e-9
-2.	9.	-13.55695088	-122.7493966	-5.232621662e-10
-1.	9.	-6.791961539	-124.0895411	-9.480531447e-10
0.	9.	-4.910254133e-9	-124.534714	1.478794902e-9
1.	9.	6.791961527	-124.0895411	1.650359328e-9
2.	9.	13.55695087	-122.7493966	-1.044047504e-9
3.	9.	20.26288923	-120.5007676	2.111694585e-9
4.	9.	26.86716382	-117.3225042	3.312612462e-10
5.	9.	33.31065213	-113.1884446	-5.918401118e-11
6.	9.	39.51125854	-108.0723236	-1.456938586e-9
7.	9.	45.35773335	-101.9562939	2.34974115e-10
8.	9.	50.70597642	-94.84439881	1.290293316e-9
9.	9.	55.38204831	-86.78085634	-4.387141484e-10
10.	9.	59.19688855	-77.86882372	-1.186965835e-9
-10.	10.	-69.03901331	-81.56162585	-4.784790546e-10
-9.	10.	-64.34703515	-91.5194293	8.166428802e-10
-8.	10.	-58.65146336	-100.3988885	-8.862400682e-11
-7.	10.	-52.22450886	-108.1077257	6.824355761e-10
-6.	10.	-45.29791925	-114.6391506	-2.246193344e-11
-5.	10.	-38.04647876	-120.0330627	7.035941012e-10
-4.	10.	-30.59253598	-124.3463691	-1.609156938e-9
-3.	10.	-23.01762306	-127.6358342	-2.013409267e-9
-2.	10.	-15.37406836	-129.9495833	-3.046343994e-9
-1.	10.	-7.694601055	-131.323318	7.307935487e-10
0.	10.	-5.840937912e-9	-131.7787984	1.400803339e-10
1.	10.	7.694601042	-131.323318	-4.809563288e-10
2.	10.	15.37406834	-129.9495834	3.479122348e-10
3.	10.	23.01762305	-127.6358342	-1.095584688e-9
4.	10.	30.592536	-124.346369	4.62916481e-10
5.	10.	38.04647873	-120.0330627	7.858964471e-10
6.	10.	45.29791925	-114.6391506	1.008523137e-9
7.	10.	52.22450886	-108.1077258	1.090863548e-9
8.	10.	58.65146339	-100.3988886	1.14419614e-9
9.	10.	64.34703513	-91.5194293	3.522741146e-10
10.	10.	69.03901333	-81.56162578	1.153152976e-9
